19
60 BREW 0 0 -5 0 18 3 4 0 0
57 BREW 0 0 -2 -2 15 1 4 0 0
72 BREW 0 -2 -2 -2 19 0 0 0 0
70 BREW -2 -2 0 -2 15 0 0 0 0
51 BREW -2 0 -3 0 11 0 0 0 0
14 LEARN 0 0 0 1 0 0 0 0 0
37 LEARN -3 3 0 0 0 1 0 0 1
41 LEARN 0 0 2 -1 0 2 0 0 1
23 LEARN 1 -3 1 1 0 3 0 0 1
24 LEARN 0 3 0 -1 0 4 0 0 1
22 LEARN 0 2 -2 1 0 5 0 0 1
78 CAST 2 0 0 0 0 -1 -1 1 0
79 CAST -1 1 0 0 0 -1 -1 1 0
80 CAST 0 -1 1 0 0 -1 -1 1 0
81 CAST 0 0 -1 1 0 -1 -1 1 0
82 OPPONENT_CAST 2 0 0 0 0 -1 -1 1 0
83 OPPONENT_CAST -1 1 0 0 0 -1 -1 1 0
84 OPPONENT_CAST 0 -1 1 0 0 -1 -1 1 0
85 OPPONENT_CAST 0 0 -1 1 0 -1 -1 1 0
3 0 0 0 0
3 0 0 0 0