19
62 BREW 0 -2 0 -3 19 3 4 0 0
73 BREW -1 -1 -1 -1 13 1 4 0 0
49 BREW 0 -5 0 0 10 0 0 0 0
63 BREW 0 0 -3 -2 17 0 0 0 0
58 BREW 0 -3 0 -2 14 0 0 0 0
8 LEARN 3 -2 1 0 0 0 0 0 1
6 LEARN 2 1 -2 1 0 1 0 0 1
4 LEARN 3 0 0 0 0 2 0 0 0
19 LEARN 0 2 -1 0 0 3 0 0 1
36 LEARN 0 -3 3 0 0 4 0 0 1
41 LEARN 0 0 2 -1 0 5 0 0 1
78 CAST 2 0 0 0 0 -1 -1 1 0
79 CAST -1 1 0 0 0 -1 -1 1 0
80 CAST 0 -1 1 0 0 -1 -1 1 0
81 CAST 0 0 -1 1 0 -1 -1 1 0
82 OPPONENT_CAST 2 0 0 0 0 -1 -1 1 0
83 OPPONENT_CAST -1 1 0 0 0 -1 -1 1 0
84 OPPONENT_CAST 0 -1 1 0 0 -1 -1 1 0
85 OPPONENT_CAST 0 0 -1 1 0 -1 -1 1 0
3 0 0 0 0
3 0 0 0 0
