33
64 BREW 0 0 -2 -3 21 3 3 0 0
76 BREW -1 -1 -3 -1 19 1 3 0 0
59 BREW -2 0 0 -3 14 0 0 0 0
58 BREW 0 -3 0 -2 14 0 0 0 0
77 BREW -1 -1 -1 -3 20 0 0 0 0
0 LEARN -3 0 0 1 0 0 0 0 1
8 LEARN 3 -2 1 0 0 1 0 0 1
9 LEARN 2 -3 2 0 0 2 0 0 1
31 LEARN 0 3 2 -2 0 3 0 0 1
3 LEARN 0 0 1 0 0 4 0 0 0
40 LEARN 0 -2 2 0 0 5 0 0 1
78 CAST 2 0 0 0 0 -1 -1 0 0
79 CAST -1 1 0 0 0 -1 -1 0 0
80 CAST 0 -1 1 0 0 -1 -1 0 0
81 CAST 0 0 -1 1 0 -1 -1 0 0
86 CAST 4 0 0 0 0 -1 -1 0 0
87 CAST -3 3 0 0 0 -1 -1 1 1
88 CAST 2 3 -2 0 0 -1 -1 1 1
89 CAST 0 2 -2 1 0 -1 -1 1 1
90 CAST 0 0 -3 3 0 -1 -1 1 1
91 CAST 2 -2 0 1 0 -1 -1 1 1
92 CAST 3 -1 0 0 0 -1 -1 1 1
93 CAST -3 1 1 0 0 -1 -1 1 1
94 CAST -4 0 1 1 0 -1 -1 1 1
95 CAST 0 -3 3 0 0 -1 -1 1 1
96 CAST -5 0 3 0 0 -1 -1 1 1
97 CAST 1 1 0 0 0 -1 -1 1 0
98 CAST 2 1 0 0 0 -1 -1 1 0
82 OPPONENT_CAST 2 0 0 0 0 -1 -1 1 0
83 OPPONENT_CAST -1 1 0 0 0 -1 -1 1 0
84 OPPONENT_CAST 0 -1 1 0 0 -1 -1 1 0
85 OPPONENT_CAST 0 0 -1 1 0 -1 -1 0 0
99 OPPONENT_CAST 2 2 0 -1 0 -1 -1 1 1
8 0 0 2 29
0 0 5 2 8